000034
000046
000088
000506
000520
000525
000567
000582
000615
000633
000639
000676
000701
000703
000717
000736
000789
000800
000825
000838
000858
000920
000923
000930
000949
000951
000972
000975
000977
001255
001268
001309
001313
001339
001965
002008
002021
002065
002089
002091
002126
002155
002157
002205
002217
002221
002238
002242
002261
002305
002308
002319
002331
002340
002342
002345
002372
002376
002396
002409
002415
002439
002458
002530
002572
002597
002611
002658
002661
002756
002796
002840
002848
002850
002906
002917
002941
002984
002988
003012
003019
003022
003037
003816
600019
600020
600022
600027
600029
600032
600035
600039
600052
600075
600100
600108
600115
600127
600150
600168
600191
600199
600258
600269
600307
600353
600366
600377
600382
600406
600428
600515
600548
600551
600604
600612
600635
600667
600685
600696
600705
600720
600756
600776
600811
600815
600843
600850
600853
600872
600873
600901
600906
600970
600988
601003
601021
601069
601077
601128
601330
601375
601588
601658
601665
601801
601818
601866
601878
601880
601881
601919
601929
601963
601965
601985
603066
603070
603118
603138
603151
603171
603180
603208
603318
603322
603329
603360
603466
603565
603589
603595
603626
603665
603666
603706
603755
603799
603801
603823
603855
603885
603933
603938
603958
603967
605277
605333
605566
605589
