000001
000029
000031
000039
000049
000066
000069
000070
000099
000156
000158
000333
000400
000402
000404
000410
000423
000505
000530
000534
000551
000558
000564
000570
000586
000605
000627
000628
000636
000650
000652
000661
000666
000676
000681
000728
000735
000779
000783
000789
000792
000800
000801
000810
000818
000823
000837
000838
000856
000861
000877
000887
000917
000920
000925
000936
000967
000987
001208
001212
001213
001225
001226
001234
001236
001238
001255
001266
001269
001289
001301
001324
001332
001338
001339
001373
001380
001696
002026
002045
002047
002053
002061
002065
002069
002085
002093
002108
002116
002121
002122
002126
002127
002134
002139
002150
002157
002161
002163
002169
002174
002175
002178
002185
002188
002190
002197
002204
002209
002213
002217
002218
002227
002228
002229
002230
002236
002238
002264
002273
002282
002291
002292
002296
002298
002300
002302
002308
002315
002322
002323
002328
002334
002343
002347
002349
002350
002358
002362
002367
002380
002400
002403
002405
002415
002425
002427
002434
002438
002439
002440
002441
002444
002448
002451
002452
002454
002466
002467
002475
002480
002481
002491
002494
002497
002498
002500
002514
002517
002518
002523
002534
002539
002543
002546
002552
002555
002558
002559
002580
002583
002594
002602
002605
002614
002615
002624
002634
002643
002655
002671
002672
002673
002678
002681
002687
002689
002690
002694
002695
002698
002705
002709
002712
002724
002730
002736
002747
002757
002765
002766
002772
002779
002782
002797
002798
002801
002803
002805
002811
002815
002841
002850
002851
002857
002858
002865
002868
002871
002877
002888
002890
002896
002903
002912
002913
002920
002921
002925
002927
002938
002941
002952
002953
002961
002962
002967
002969
002972
002973
003004
003005
003008
003019
003021
003025
003029
003033
003036
600012
600036
600037
600053
600061
600064
600071
600072
600097
600105
600107
600111
600149
600156
600185
600217
600218
600221
600228
600229
600233
600241
600243
600251
600305
600313
600323
600330
600340
600345
600353
600356
600359
600369
600386
600405
600438
600493
600495
600498
600510
600511
600512
600522
600523
600529
600535
600536
600545
600556
600570
600592
600600
600606
600629
600636
600637
600671
600678
600689
600697
600705
600710
600715
600721
600724
600755
600756
600757
600763
600771
600775
600783
600794
600805
600817
600822
600831
600837
600845
600846
600847
600861
600868
600880
600892
600909
600918
600927
600936
600958
600959
600976
600977
600999
601006
601012
601019
601022
601038
601108
601117
601126
601138
601139
601163
601177
601208
601369
601375
601456
601555
601567
601599
601615
601616
601628
601668
601766
601800
601801
601811
601858
601877
601881
601900
601901
601921
601956
601968
601990
601999
603009
603011
603012
603013
603015
603017
603019
603035
603036
603037
603039
603052
603070
603085
603090
603093
603096
603097
603100
603101
603105
603118
603122
603158
603165
603173
603182
603187
603189
603191
603196
603206
603212
603214
603218
603219
603220
603228
603230
603259
603279
603286
603289
603311
603335
603345
603357
603360
603365
603383
603390
603396
603416
603444
603458
603488
603489
603496
603500
603507
603508
603517
603528
603533
603551
603556
603558
603577
603583
603606
603611
603613
603618
603626
603637
603638
603656
603660
603662
603679
603680
603688
603696
603703
603706
603711
603716
603721
603722
603739
603755
603758
603773
603776
603789
603797
603803
603829
603859
603860
603861
603868
603876
603885
603893
603895
603901
603915
603936
603958
603960
603977
603988
603990
603997
605056
605066
605099
605100
605118
605136
605151
605162
605168
605178
605188
605222
605228
605277
605289
605296
605398
605500
605577
605589
