000026
000028
000029
000045
000068
000100
000400
000430
000526
000533
000554
000610
000622
000628
000636
000669
000721
000779
000818
000819
000820
000829
000836
000862
000881
000888
000901
000909
000925
000928
000985
001211
001228
001255
001308
001314
001380
001696
002003
002028
002036
002055
002117
002119
002126
002130
002140
002144
002145
002174
002192
002199
002228
002241
002253
002263
002276
002290
002316
002335
002371
002414
002421
002436
002476
002490
002492
002511
002512
002518
002519
002529
002554
002574
002632
002636
002652
002655
002656
002660
002668
002669
002681
002686
002692
002696
002733
002758
002799
002809
002835
002860
002863
002870
002912
002913
002968
002977
002980
002985
002990
002997
003003
003008
003026
003032
600071
600106
600148
600156
600218
600241
600268
600287
600333
600339
600345
600400
600403
600455
600463
600469
600493
600501
600506
600508
600523
600551
600558
600567
600571
600605
600618
600636
600641
600654
600697
600707
600730
600733
600740
600753
600773
600775
600777
600830
600831
600836
600879
600884
600962
600976
600989
601231
601798
601958
603003
603009
603015
603016
603045
603048
603052
603059
603063
603077
603099
603116
603153
603158
603166
603177
603178
603186
603188
603215
603219
603227
603272
603305
603319
603330
603336
603353
603358
603396
603408
603421
603489
603508
603518
603528
603556
603578
603580
603598
603648
603650
603706
603788
603790
603809
603815
603836
603843
603897
603909
603920
603997
605006
605081
605098
605151
605189
605286
605318
605389
605488
