000065
000570
000638
000695
000815
000877
000928
000998
001215
001301
001330
002047
002085
002100
002127
002201
002229
002234
002240
002245
002312
002348
002372
002439
002458
002460
002463
002481
002497
002511
002531
002537
002678
002692
002700
002712
002772
002852
002920
002965
002990
003032
600009
600165
600207
600335
600337
600354
600389
600478
600600
600647
600763
600769
600773
600817
600836
600929
600962
601086
601138
601186
601599
601800
601828
601888
601921
603006
603018
603043
603057
603058
603069
603076
603096
603100
603135
603137
603151
603182
603187
603230
603258
603275
603336
603357
603363
603598
603628
603659
603666
603682
603768
603799
603825
603828
603867
603885
603901
603916
603959
603960
605188
605577
