000001
000002
000004
000005
000006
000007
000008
000009
000011
000012
000014
000016
000017
000019
000020
000021
000023
000025
000026
000027
000028
000029
000030
000031
000032
000034
000035
000036
000037
000039
000040
000042
000045
000049
000050
000055
000056
000058
000059
000060
000061
000062
000063
000065
000066
000068
000069
000070
000078
000088
000089
000099
000100
000151
000153
000155
000156
000158
000159
000166
000301
000333
000338
000400
000401
000402
000403
000404
000407
000408
000409
000410
000411
000413
000416
000417
000419
000420
000421
000422
000423
000425
000428
000430
000488
000498
000501
000503
000504
000505
000506
000507
000509
000510
000513
000514
000516
000517
000518
000519
000520
000521
000523
000524
000525
000526
000528
000529
000530
000531
000532
000533
000534
000537
000538
000539
000541
000543
000544
000545
000546
000547
000548
000550
000551
000552
000553
000554
000555
000557
000558
000559
000560
000561
000563
000564
000565
000566
000567
000568
000570
000571
000572
000573
000576
000581
000582
000584
000586
000590
000591
000592
000593
000595
000596
000597
000598
000599
000600
000601
000603
000605
000607
000608
000609
000610
000612
000617
000619
000620
000622
000623
000625
000626
000627
000628
000629
000630
000631
000632
000633
000635
000636
000638
000639
000651
000652
000655
000656
000657
000659
000661
000663
000665
000666
000668
000670
000672
000676
000677
000678
000679
000680
000681
000682
000683
000685
000686
000688
000690
000691
000695
000697
000698
000701
000702
000703
000705
000707
000708
000709
000710
000711
000712
000713
000715
000716
000717
000718
000719
000720
000721
000722
000723
000725
000726
000727
000728
000729
000731
000733
000735
000736
000737
000738
000739
000750
000751
000753
000755
000756
000757
000758
000759
000761
000762
000767
000768
000776
000777
000778
000779
000782
000783
000785
000788
000789
000790
000791
000792
000793
000795
000796
000797
000798
000799
000800
000801
000802
000803
000809
000810
000811
000812
000815
000816
000818
000819
000820
000821
000822
000823
000825
000826
000828
000829
000830
000831
000833
000836
000837
000838
000839
000848
000850
000852
000856
000858
000859
000860
000861
000862
000863
000868
000869
000875
000876
000877
000878
000880
000881
000882
000883
000885
000886
000887
000888
000890
000892
000897
000898
000899
000900
000901
000902
000903
000905
000906
000908
000909
000910
000911
000912
000913
000915
000917
000919
000920
000921
000922
000925
000926
000927
000928
000929
000930
000931
000935
000936
000938
000948
000949
000950
000951
000952
000953
000955
000957
000958
000959
000960
000961
000962
000963
000965
000966
000967
000968
000969
000970
000972
000973
000976
000977
000978
000980
000981
000982
000985
000987
000988
000989
000990
000993
000995
000996
000997
000998
000999
001201
001202
001203
001205
001206
001207
001208
001209
001210
001211
001212
001213
001215
001216
001217
001218
001219
001222
001223
001225
001227
001228
001229
001230
001231
001234
001236
001238
001255
001258
001259
001266
001267
001269
001270
001283
001286
001287
001288
001289
001298
001299
001300
001301
001308
001313
001316
001317
001318
001322
001323
001324
001328
001330
001331
001332
001333
001336
001337
001338
001339
001360
001368
001380
001696
001872
001896
001914
001979
002001
002002
002003
002004
002005
002006
002007
002008
002009
002010
002011
002012
002015
002016
002017
002019
002020
002022
002023
002024
002025
002026
002027
002028
002029
002030
002031
002032
002033
002034
002035
002036
002037
002038
002039
002040
002041
002042
002043
002044
002045
002046
002047
002049
002050
002051
002052
002053
002054
002055
002056
002057
002058
002059
002060
002061
002062
002063
002064
002065
002066
002067
002068
002069
002072
002073
002074
002075
002076
002077
002079
002080
002081
002082
002083
002084
002085
002086
002088
002090
002091
002092
002093
002094
002095
002096
002097
002099
002100
002101
002102
002103
002104
002105
002107
002108
002109
002111
002112
002114
002115
002116
002117
002119
002120
002121
002122
002123
002124
002125
002127
002129
002130
002131
002132
002133
002134
002135
002136
002137
002139
002140
002141
002142
002144
002145
002146
002148
002149
002150
002151
002152
002153
002155
002156
002157
002158
002159
002160
002161
002162
002163
002164
002166
002167
002168
002169
002170
002171
002172
002173
002174
002175
002176
002177
002178
002179
002180
002181
002182
002183
002185
002186
002187
002188
002189
002190
002191
002192
002193
002195
002196
002197
002198
002199
002200
002201
002202
002203
002204
002205
002206
002208
002209
002210
002211
002212
002213
002214
002215
002216
002217
002218
002219
002222
002223
002225
002226
002227
002228
002230
002231
002232
002233
002234
002235
002236
002238
002239
002240
002241
002242
002243
002245
002246
002247
002249
002250
002251
002252
002253
002254
002255
002256
002258
002259
002262
002263
002264
002265
002266
002267
002268
002271
002272
002273
002274
002275
002276
002277
002279
002280
002281
002282
002284
002285
002286
002288
002289
002290
002291
002292
002293
002294
002296
002297
002298
002299
002300
002301
002302
002303
002304
002305
002306
002307
002308
002309
002311
002312
002313
002314
002315
002316
002317
002319
002320
002321
002322
002323
002324
002325
002326
002328
002329
002330
002331
002332
002334
002335
002336
002337
002339
002340
002341
002342
002343
002344
002345
002346
002347
002348
002349
002350
002351
002352
002354
002356
002357
002358
002360
002361
002362
002363
002364
002365
002366
002367
002368
002369
002370
002371
002372
002373
002374
002376
002377
002378
002380
002381
002382
002383
002384
002385
002386
002387
002388
002389
002390
002391
002392
002393
002394
002395
002396
002397
002398
002399
002400
002401
002402
002403
002404
002405
002407
002409
002410
002413
002414
002415
002416
002418
002419
002420
002421
002422
002423
002424
002425
002426
002427
002428
002429
002430
002431
002432
002434
002435
002436
002437
002438
002439
002440
002441
002442
002443
002444
002445
002446
002448
002449
002451
002452
002454
002455
002457
002458
002459
002460
002461
002462
002463
002466
002467
002468
002469
002470
002471
002472
002474
002475
002476
002478
002479
002480
002481
002482
002484
002486
002487
002488
002489
002490
002491
002492
002493
002495
002496
002497
002498
002500
002501
002502
002505
002506
002507
002508
002510
002511
002512
002514
002516
002517
002518
002519
002520
002522
002523
002526
002527
002528
002529
002530
002531
002532
002533
002534
002535
002536
002537
002538
002539
002541
002542
002544
002545
002546
002548
002549
002550
002551
002552
002553
002554
002555
002556
002557
002558
002559
002560
002561
002562
002563
002564
002565
002567
002568
002570
002571
002572
002573
002574
002575
002576
002577
002578
002579
002580
002581
002582
002583
002584
002585
002586
002587
002588
002589
002591
002593
002594
002596
002597
002598
002599
002600
002602
002603
002605
002606
002607
002608
002609
002610
002611
002612
002613
002614
002615
002616
002617
002620
002621
002622
002623
002624
002625
002626
002627
002628
002629
002630
002632
002633
002634
002635
002636
002637
002638
002639
002640
002641
002643
002644
002645
002646
002647
002648
002649
002650
002651
002652
002653
002655
002656
002657
002658
002659
002660
002661
002662
002663
002665
002666
002667
002668
002669
002670
002671
002672
002673
002674
002675
002677
002678
002681
002682
002683
002686
002688
002689
002690
002691
002692
002694
002695
002696
002697
002698
002699
002700
002702
002705
002706
002707
002708
002709
002712
002713
002714
002715
002716
002717
002719
002721
002722
002723
002724
002725
002726
002727
002728
002729
002730
002731
002732
002733
002734
002735
002736
002737
002738
002739
002740
002741
002742
002743
002745
002746
002747
002748
002749
002753
002755
002756
002757
002758
002759
002760
002761
002762
002763
002765
002766
002768
002769
002771
002772
002773
002775
002776
002777
002778
002779
002780
002782
002783
002786
002788
002789
002791
002792
002793
002795
002796
002797
002798
002799
002800
002801
002803
002805
002806
002807
002808
002809
002810
002811
002812
002813
002815
002817
002819
002820
002822
002823
002824
002825
002826
002829
002830
002831
002832
002835
002836
002837
002838
002839
002840
002841
002842
002843
002845
002846
002847
002848
002849
002850
002851
002852
002853
002856
002857
002858
002859
002860
002861
002862
002863
002864
002865
002866
002868
002869
002870
002871
002872
002873
002875
002876
002877
002878
002879
002880
002881
002882
002883
002885
002886
002887
002888
002890
002891
002893
002895
002897
002900
002901
002903
002905
002906
002907
002908
002909
002910
002911
002912
002913
002915
002916
002917
002918
002919
002920
002921
002922
002923
002925
002926
002927
002928
002929
002930
002931
002932
002933
002935
002936
002937
002938
002939
002940
002942
002943
002945
002946
002947
002949
002950
002951
002952
002953
002956
002957
002958
002959
002960
002961
002962
002963
002965
002966
002967
002968
002969
002970
002971
002972
002973
002975
002976
002977
002979
002980
002981
002982
002983
002984
002985
002986
002987
002989
002990
002991
002992
002993
002995
002996
002998
002999
003000
003001
003002
003003
003004
003005
003006
003007
003008
003009
003010
003011
003013
003016
003017
003019
003020
003021
003022
003023
003025
003026
003027
003028
003029
003030
003031
003032
003033
003035
003036
003037
003038
003039
003040
003042
003043
600000
600004
600006
600008
600009
600010
600011
600016
600017
600018
600019
600020
600021
600022
600023
600026
600027
600029
600030
600031
600032
600035
600036
600037
600038
600039
600048
600050
600051
600052
600053
600054
600055
600056
600057
600058
600059
600060
600061
600062
600063
600064
600066
600067
600070
600071
600072
600073
600075
600076
600078
600079
600080
600081
600082
600083
600084
600085
600088
600089
600094
600095
600096
600097
600098
600099
600100
600101
600103
600105
600106
600107
600108
600109
600110
600111
600112
600113
600115
600116
600118
600119
600120
600121
600125
600126
600127
600128
600129
600130
600131
600132
600133
600135
600136
600138
600141
600143
600148
600149
600150
600151
600152
600153
600156
600157
600158
600159
600160
600161
600162
600163
600165
600166
600167
600169
600170
600171
600172
600173
600176
600178
600179
600180
600182
600183
600184
600185
600187
600191
600192
600193
600195
600196
600197
600198
600199
600200
600201
600206
600207
600208
600211
600212
600213
600215
600216
600217
600218
600219
600220
600221
600222
600223
600225
600226
600227
600228
600229
600230
600231
600233
600236
600237
600238
600239
600241
600243
600246
600248
600249
600250
600251
600255
600258
600259
600261
600262
600267
600268
600271
600273
600276
600277
600278
600280
600281
600283
600287
600288
600289
600290
600292
600295
600297
600298
600300
600301
600302
600303
600305
600307
600308
600309
600310
600312
600313
600315
600316
600318
600319
600320
600321
600322
600323
600325
600326
600327
600328
600329
600330
600331
600332
600335
600336
600337
600338
600339
600340
600343
600345
600346
600348
600352
600353
600354
600356
600358
600359
600360
600361
600363
600366
600367
600368
600369
600370
600371
600372
600373
600375
600376
600378
600379
600380
600381
600382
600383
600386
600387
600388
600389
600390
600391
600392
600395
600397
600399
600400
600403
600405
600406
600410
600415
600416
600418
600419
600420
600421
600422
600423
600425
600426
600428
600429
600433
600435
600436
600438
600439
600444
600446
600448
600449
600452
600455
600456
600458
600459
600460
600462
600463
600467
600468
600469
600470
600475
600476
600477
600478
600479
600481
600482
600483
600486
600487
600488
600490
600491
600493
600495
600496
600497
600498
600499
600500
600501
600502
600503
600505
600506
600507
600508
600509
600510
600511
600512
600513
600515
600516
600517
600518
600519
600520
600521
600522
600523
600525
600526
600527
600528
600529
600530
600531
600533
600535
600536
600537
600538
600539
600545
600549
600550
600551
600552
600556
600557
600558
600559
600560
600562
600563
600565
600566
600567
600569
600570
600571
600572
600573
600576
600577
600578
600579
600580
600581
600582
600584
600586
600587
600588
600590
600592
600593
600595
600596
600597
600598
600600
600601
600602
600603
600604
600606
600608
600609
600610
600611
600616
600617
600618
600619
600620
600621
600622
600624
600626
600628
600629
600633
600635
600636
600637
600638
600639
600640
600641
600642
600643
600644
600647
600648
600649
600650
600651
600653
600654
600657
600658
600661
600662
600663
600664
600665
600666
600667
600668
600673
600676
600678
600679
600681
600682
600683
600684
600685
600686
600688
600689
600691
600692
600693
600694
600696
600697
600698
600699
600702
600703
600704
600705
600706
600707
600708
600710
600711
600712
600713
600714
600715
600716
600717
600718
600720
600722
600724
600726
600727
600728
600729
600730
600731
600732
600733
600734
600735
600736
600738
600739
600740
600741
600743
600744
600745
600748
600749
600750
600751
600753
600754
600755
600756
600757
600758
600759
600760
600761
600763
600764
600765
600766
600768
600769
600770
600771
600773
600774
600775
600776
600777
600778
600779
600780
600783
600784
600785
600787
600789
600790
600791
600793
600794
600795
600796
600797
600798
600800
600802
600803
600804
600805
600807
600808
600811
600812
600815
600816
600817
600818
600819
600820
600821
600822
600824
600825
600826
600827
600828
600829
600830
600831
600833
600834
600835
600836
600837
600838
600841
600844
600845
600846
600847
600848
600850
600851
600853
600854
600855
600857
600858
600859
600860
600861
600862
600863
600864
600865
600866
600867
600868
600869
600871
600872
600874
600875
600876
600879
600880
600881
600882
600883
600884
600885
600886
600887
600888
600892
600893
600897
600898
600903
600905
600906
600909
600916
600917
600918
600925
600926
600927
600928
600929
600935
600936
600939
600955
600956
600958
600959
600960
600961
600962
600963
600965
600966
600967
600969
600970
600973
600975
600976
600977
600979
600980
600981
600982
600983
600984
600986
600987
600988
600990
600992
600993
600995
600996
600999
601000
601002
601003
601005
601007
601008
601009
601010
601011
601012
601016
601018
601019
601020
601021
601022
601028
601061
601065
601066
601068
601069
601086
601098
601100
601101
601106
601107
601108
601111
601113
601116
601117
601118
601126
601133
601137
601138
601139
601155
601156
601162
601163
601166
601177
601179
601186
601198
601199
601200
601208
601211
601212
601216
601218
601222
601226
601228
601231
601236
601238
601279
601298
601311
601318
601319
601326
601330
601333
601336
601339
601360
601366
601368
601369
601375
601377
601388
601390
601399
601456
601500
601512
601515
601519
601566
601568
601579
601588
601595
601599
601601
601606
601607
601608
601609
601611
601615
601616
601618
601619
601628
601633
601636
601668
601669
601677
601678
601686
601689
601696
601698
601700
601717
601718
601728
601766
601777
601778
601788
601789
601798
601800
601801
601811
601816
601827
601828
601858
601860
601865
601866
601868
601869
601872
601877
601878
601880
601881
601882
601886
601888
601890
601900
601901
601908
601916
601921
601928
601929
601933
601949
601952
601956
601958
601965
601966
601968
601969
601975
601988
601989
601990
601991
601992
601995
601998
601999
603001
603002
603003
603005
603006
603007
603008
603009
603010
603011
603012
603013
603015
603016
603017
603018
603019
603020
603021
603022
603025
603026
603027
603029
603031
603032
603033
603035
603036
603039
603040
603042
603043
603045
603048
603050
603051
603052
603053
603055
603056
603057
603058
603060
603061
603063
603066
603067
603068
603069
603070
603071
603073
603076
603077
603078
603079
603081
603083
603085
603086
603088
603090
603093
603095
603096
603097
603098
603100
603102
603103
603105
603106
603108
603109
603110
603111
603112
603113
603115
603116
603117
603118
603121
603122
603123
603125
603126
603127
603128
603129
603130
603131
603132
603133
603135
603136
603137
603138
603139
603150
603151
603155
603156
603158
603162
603163
603165
603166
603167
603169
603170
603171
603172
603176
603177
603179
603180
603181
603182
603183
603185
603186
603187
603189
603190
603191
603192
603195
603196
603199
603200
603201
603203
603206
603208
603209
603211
603212
603213
603214
603215
603216
603217
603218
603219
603221
603222
603223
603226
603227
603228
603229
603230
603232
603233
603235
603236
603237
603239
603255
603258
603260
603261
603266
603267
603268
603269
603270
603272
603275
603278
603279
603280
603286
603288
603289
603290
603297
603298
603299
603301
603303
603305
603306
603308
603309
603311
603315
603316
603317
603318
603319
603320
603322
603323
603324
603327
603328
603329
603330
603331
603333
603335
603336
603338
603339
603345
603348
603351
603355
603356
603357
603358
603359
603360
603363
603366
603367
603368
603369
603377
603378
603379
603380
603383
603387
603388
603390
603392
603396
603398
603399
603416
603421
603429
603439
603444
603456
603458
603466
603477
603486
603489
603499
603500
603501
603506
603507
603508
603511
603516
603517
603518
603520
603527
603528
603529
603530
603533
603535
603538
603551
603555
603556
603557
603559
603565
603566
603567
603568
603577
603578
603580
603583
603585
603586
603587
603588
603589
603595
603596
603598
603599
603600
603601
603603
603605
603606
603608
603609
603610
603611
603612
603613
603615
603616
603618
603626
603628
603630
603633
603636
603637
603638
603639
603648
603650
603655
603656
603657
603658
603659
603660
603663
603665
603666
603668
603669
603676
603677
603678
603679
603680
603681
603682
603683
603686
603688
603689
603690
603693
603696
603697
603698
603699
603700
603701
603703
603706
603707
603708
603711
603712
603713
603716
603717
603719
603721
603722
603726
603728
603729
603730
603733
603737
603738
603739
603755
603757
603758
603759
603768
603773
603776
603777
603778
603779
603786
603787
603788
603789
603790
603797
603798
603799
603801
603803
603806
603808
603809
603810
603811
603815
603816
603817
603818
603819
603822
603823
603825
603826
603828
603829
603833
603836
603839
603843
603855
603856
603858
603859
603860
603861
603866
603867
603868
603869
603871
603876
603877
603878
603879
603880
603881
603882
603883
603885
603886
603887
603888
603890
603893
603895
603896
603897
603899
603900
603901
603906
603908
603909
603912
603915
603916
603917
603918
603920
603922
603927
603928
603929
603931
603936
603938
603939
603948
603950
603955
603956
603959
603960
603963
603966
603968
603969
603970
603976
603977
603978
603980
603982
603983
603985
603986
603987
603988
603989
603990
603991
603992
603995
603997
603998
603999
605001
605003
605005
605006
605007
605008
605009
605011
605016
605018
605020
605028
605033
605050
605056
605058
605060
605066
605077
605080
605081
605086
605089
605090
605098
605099
605100
605108
605111
605116
605117
605118
605122
605123
605133
605136
605138
605151
605158
605162
605166
605167
605168
605169
605178
605179
605183
605186
605188
605189
605196
605199
605208
605218
605222
605228
605255
605259
605266
605268
605277
605286
605287
605288
605289
605296
605298
605299
605300
605303
605305
605319
605333
605337
605338
605339
605358
605366
605369
605376
605378
605388
605389
605399
605488
605499
605507
605555
605566
605567
605577
605580
605589
605598
