000004
000063
000151
000153
000333
000507
000513
000518
000566
000586
000622
000623
000628
000633
000651
000661
000666
000679
000708
000739
000756
000757
000761
000813
000899
000915
000919
000921
000963
000967
000977
000988
001206
001209
001227
001282
001289
001360
001373
001380
002022
002038
002050
002089
002099
002139
002157
002164
002172
002173
002178
002184
002192
002197
002204
002205
002228
002230
002238
002252
002261
002281
002287
002294
002300
002313
002317
002322
002346
002369
002375
002382
002385
002410
002412
002416
002439
002440
002448
002463
002472
002488
002513
002514
002517
002551
002552
002555
002576
002586
002603
002615
002642
002643
002671
002685
002688
002691
002692
002737
002755
002758
002765
002774
002785
002793
002796
002803
002807
002817
002821
002823
002828
002851
002857
002865
002879
002884
002885
002892
002896
002902
002906
002920
002925
002930
002932
002941
002953
002965
002979
002995
002997
003005
003020
003036
600015
600017
600018
600026
600039
600062
600080
600089
600114
600201
600216
600218
600233
600243
600251
600252
600256
600261
600269
600271
600299
600315
600329
600355
600380
600382
600406
600420
600438
600479
600481
600499
600519
600521
600560
600582
600584
600603
600615
600637
600645
600704
600710
600712
600717
600720
600721
600741
600751
600763
600780
600789
600801
600805
600812
600839
600867
600873
600901
600928
600983
600996
601012
601038
601077
601098
601100
601138
601166
601169
601187
601208
601228
601229
601369
601398
601567
601616
601628
601816
601825
601827
601872
601916
601919
601939
601963
601975
601988
603009
603019
603026
603042
603055
603083
603085
603095
603097
603118
603123
603129
603159
603161
603167
603178
603181
603185
603201
603206
603259
603323
603345
603351
603353
603365
603416
603439
603456
603496
603501
603516
603517
603520
603556
603606
603616
603617
603626
603630
603666
603676
603687
603701
603706
603707
603719
603758
603768
603773
603859
603861
603882
603895
603950
603960
603970
603987
603991
605009
605178
605186
605199
605277
605333
605339
605377
605398
