000008
000009
000010
000025
000035
000045
000061
000065
000068
000100
000400
000404
000407
000409
000410
000423
000501
000503
000516
000526
000533
000544
000547
000554
000570
000593
000619
000622
000628
000659
000666
000668
000669
000682
000695
000725
000727
000777
000779
000782
000793
000810
000811
000816
000823
000836
000837
000852
000856
000861
000862
000877
000880
000901
000909
000920
000922
000925
000927
000966
000981
001202
001209
001210
001213
001222
001226
001228
001230
001236
001256
001259
001267
001269
001278
001288
001289
001298
001301
001308
001311
001317
001324
001331
001336
001338
001360
001366
001368
001373
002011
002017
002026
002028
002031
002042
002045
002046
002047
002050
002055
002056
002061
002063
002065
002073
002074
002076
002090
002093
002094
002103
002104
002112
002117
002122
002125
002129
002130
002134
002138
002139
002148
002150
002154
002164
002174
002175
002194
002207
002209
002211
002213
002226
002229
002231
002232
002236
002238
002249
002253
002255
002256
002264
002266
002270
002276
002278
002280
002302
002307
002316
002331
002335
002337
002342
002343
002346
002348
002349
002354
002358
002364
002367
002368
002370
002377
002388
002393
002395
002397
002401
002402
002407
002413
002415
002427
002436
002448
002454
002456
002458
002466
002467
002476
002480
002490
002491
002498
002500
002517
002519
002521
002526
002529
002531
002533
002535
002542
002548
002556
002558
002560
002561
002571
002574
002587
002588
002595
002596
002599
002602
002609
002611
002613
002616
002617
002620
002622
002623
002628
002629
002633
002635
002638
002639
002640
002647
002649
002651
002657
002658
002659
002660
002672
002674
002678
002681
002686
002689
002695
002706
002709
002718
002728
002729
002730
002732
002738
002743
002747
002749
002757
002775
002778
002782
002786
002789
002798
002802
002805
002806
002810
002815
002819
002830
002831
002835
002836
002845
002846
002849
002851
002852
002859
002860
002863
002868
002869
002875
002877
002883
002887
002888
002893
002897
002910
002913
002921
002922
002925
002926
002927
002929
002937
002938
002939
002940
002943
002947
002955
002962
002967
002969
002970
002971
002972
002979
002981
002983
002984
002989
002990
002991
002997
002998
003000
003001
003003
003004
003007
003008
003013
003017
003021
003027
003028
003029
003032
003036
600008
600051
600053
600061
600085
600109
600111
600135
600148
600162
600165
600169
600170
600171
600185
600186
600190
600192
600198
600207
600215
600241
600250
600265
600271
600278
600283
600302
600312
600318
600331
600337
600338
600339
600340
600359
600386
600388
600400
600421
600425
600433
600438
600446
600449
600455
600463
600468
600476
600480
600487
600495
600506
600511
600516
600522
600526
600529
600535
600536
600552
600561
600579
600580
600583
600588
600590
600592
600600
600602
600605
600617
600622
600629
600638
600640
600661
600671
600673
600676
600686
600689
600697
600703
600710
600728
600730
600732
600733
600754
600756
600761
600773
600783
600785
600798
600803
600805
600811
600825
600829
600831
600834
600835
600843
600845
600847
600848
600851
600853
600857
600861
600869
600880
600884
600892
600903
600905
600918
600929
600936
600959
600962
601086
601113
601126
601137
601208
601218
601226
601236
601238
601519
601566
601608
601619
601717
601789
601798
601828
601858
601868
601878
601882
601890
601900
601949
601956
601968
601999
603000
603003
603006
603009
603015
603016
603017
603018
603022
603023
603027
603029
603037
603057
603058
603063
603065
603066
603069
603071
603073
603077
603080
603093
603096
603098
603105
603112
603121
603126
603135
603153
603158
603166
603171
603183
603187
603189
603191
603192
603203
603211
603212
603214
603215
603220
603221
603228
603235
603259
603266
603269
603278
603279
603280
603282
603297
603299
603311
603320
603321
603330
603333
603335
603360
603377
603396
603444
603458
603466
603505
603508
603516
603528
603530
603533
603551
603556
603558
603568
603577
603585
603595
603598
603611
603613
603615
603636
603637
603638
603648
603650
603655
603656
603657
603660
603668
603677
603687
603690
603698
603699
603700
603703
603716
603717
603721
603727
603728
603729
603733
603778
603779
603798
603806
603809
603810
603828
603836
603839
603843
603855
603856
603860
603861
603867
603868
603869
603871
603887
603890
603897
603915
603916
603920
603922
603926
603927
603929
603936
603956
603966
603977
603985
603988
603999
605003
605016
605055
605086
605090
605118
605136
605151
605162
605167
605168
605169
605188
605189
605196
605218
605228
605286
605298
605300
605305
605378
605389
605500
605555
605577
605580
605598
