000001
000007
000009
000012
000016
000023
000025
000028
000032
000040
000042
000049
000056
000063
000065
000066
000069
000078
000099
000155
000156
000159
000166
000301
000400
000402
000409
000420
000422
000430
000488
000498
000501
000503
000504
000505
000510
000516
000519
000524
000531
000534
000537
000539
000546
000547
000551
000553
000557
000561
000576
000591
000600
000601
000605
000617
000626
000629
000631
000636
000661
000665
000666
000670
000672
000676
000681
000682
000688
000690
000695
000697
000707
000708
000710
000720
000722
000723
000725
000729
000731
000733
000735
000738
000755
000756
000759
000762
000768
000785
000792
000793
000795
000798
000799
000803
000810
000811
000815
000816
000820
000821
000822
000823
000829
000833
000836
000838
000858
000860
000862
000868
000875
000876
000877
000885
000886
000887
000892
000902
000906
000912
000913
000915
000917
000920
000922
000927
000928
000930
000935
000938
000948
000950
000957
000965
000966
000970
000976
000977
000981
000989
000990
000993
000998
000999
001201
001205
001208
001212
001215
001225
001228
001230
001234
001236
001255
001258
001267
001269
001283
001286
001287
001308
001322
001324
001328
001330
001332
001336
001338
001368
001380
001914
002002
002006
002008
002009
002010
002011
002012
002015
002017
002022
002024
002030
002033
002034
002035
002036
002039
002041
002045
002047
002049
002051
002053
002056
002057
002059
002060
002061
002062
002063
002065
002066
002068
002074
002079
002081
002085
002086
002088
002090
002093
002096
002097
002100
002104
002108
002112
002117
002120
002121
002122
002124
002125
002127
002129
002132
002135
002136
002137
002139
002140
002141
002145
002149
002150
002151
002153
002156
002159
002163
002164
002167
002169
002170
002174
002176
002180
002181
002183
002186
002187
002190
002192
002193
002196
002197
002198
002201
002202
002204
002210
002212
002213
002214
002216
002218
002219
002227
002230
002234
002238
002239
002240
002241
002245
002246
002247
002249
002250
002253
002254
002255
002256
002258
002264
002265
002266
002267
002268
002272
002273
002274
002280
002282
002291
002292
002294
002296
002298
002301
002304
002306
002312
002315
002317
002320
002321
002323
002324
002325
002326
002329
002332
002334
002335
002339
002340
002343
002344
002346
002348
002350
002352
002354
002358
002362
002364
002366
002368
002371
002372
002374
002382
002384
002386
002388
002389
002391
002396
002398
002401
002402
002405
002407
002410
002414
002415
002416
002419
002420
002421
002425
002427
002431
002436
002438
002439
002441
002444
002445
002449
002454
002455
002457
002458
002459
002460
002466
002469
002470
002478
002481
002484
002487
002489
002490
002496
002497
002498
002501
002505
002506
002507
002511
002514
002517
002518
002522
002523
002529
002531
002534
002537
002538
002539
002550
002554
002555
002556
002557
002558
002560
002562
002564
002567
002568
002573
002579
002580
002581
002585
002588
002594
002596
002598
002599
002600
002602
002603
002605
002606
002607
002610
002617
002621
002623
002624
002625
002626
002628
002630
002638
002639
002640
002645
002647
002649
002655
002657
002658
002659
002661
002665
002667
002672
002678
002682
002683
002690
002692
002697
002700
002706
002709
002712
002714
002716
002726
002727
002729
002731
002733
002734
002735
002738
002741
002747
002755
002756
002758
002759
002761
002762
002765
002766
002768
002772
002773
002776
002779
002780
002782
002791
002793
002801
002803
002805
002808
002810
002812
002815
002819
002824
002825
002829
002837
002838
002840
002841
002847
002850
002851
002852
002858
002859
002862
002864
002865
002866
002868
002869
002871
002872
002873
002875
002876
002881
002885
002887
002895
002897
002903
002908
002910
002912
002913
002915
002916
002917
002919
002928
002929
002932
002935
002937
002938
002943
002947
002950
002951
002956
002959
002960
002965
002967
002968
002971
002973
002975
002979
002980
002982
002985
002987
002989
002990
002991
003000
003002
003006
003009
003011
003016
003017
003020
003022
003025
003026
003027
003029
003030
003031
003032
003033
003035
003037
003038
003039
003040
003042
600004
600009
600010
600011
600021
600027
600029
600032
600037
600038
600039
600054
600055
600056
600057
600061
600062
600063
600067
600070
600071
600072
600073
600076
600078
600089
600097
600101
600110
600111
600115
600116
600118
600120
600126
600129
600131
600132
600138
600141
600143
600149
600151
600152
600157
600158
600163
600165
600167
600169
600171
600172
600179
600185
600195
600196
600197
600199
600201
600206
600207
600212
600217
600220
600221
600222
600223
600225
600228
600229
600230
600233
600238
600241
600246
600255
600258
600262
600271
600273
600277
600278
600283
600288
600298
600301
600305
600310
600313
600315
600316
600320
600323
600328
600329
600330
600331
600335
600337
600338
600354
600358
600366
600370
600371
600372
600375
600378
600379
600381
600388
600389
600391
600392
600399
600400
600405
600416
600419
600420
600421
600428
600436
600438
600446
600452
600458
600460
600470
600476
600477
600478
600481
600487
600491
600495
600496
600500
600501
600502
600503
600505
600510
600511
600512
600515
600516
600517
600518
600521
600522
600523
600525
600526
600528
600536
600537
600549
600550
600556
600557
600559
600562
600563
600567
600570
600572
600573
600578
600580
600586
600587
600588
600596
600600
600606
600610
600616
600620
600622
600629
600636
600637
600640
600641
600644
600647
600651
600654
600657
600658
600661
600662
600663
600666
600673
600679
600685
600696
600698
600702
600703
600705
600711
600715
600716
600726
600728
600730
600731
600732
600733
600744
600745
600754
600756
600757
600763
600764
600769
600770
600771
600773
600774
600775
600778
600780
600784
600793
600803
600811
600816
600817
600818
600827
600831
600833
600836
600841
600845
600846
600847
600848
600854
600855
600857
600859
600865
600866
600868
600869
600875
600876
600880
600882
600884
600887
600892
600893
600897
600898
600905
600916
600925
600927
600929
600935
600939
600956
600959
600962
600967
600969
600970
600976
600986
600987
600990
600992
600993
600995
601003
601009
601012
601016
601028
601061
601065
601068
601106
601111
601117
601133
601139
601155
601156
601177
601179
601186
601199
601208
601218
601222
601226
601238
601311
601333
601360
601366
601369
601388
601390
601500
601515
601566
601595
601607
601608
601611
601615
601618
601619
601669
601700
601766
601778
601789
601798
601800
601801
601816
601828
601865
601868
601877
601886
601888
601890
601908
601949
601965
601968
601989
601991
601992
603003
603008
603011
603016
603018
603019
603026
603027
603029
603032
603039
603043
603051
603057
603058
603063
603066
603067
603069
603070
603071
603073
603076
603077
603081
603083
603086
603090
603096
603097
603098
603100
603105
603109
603110
603125
603126
603127
603128
603133
603135
603136
603137
603151
603155
603162
603163
603169
603171
603172
603177
603180
603185
603187
603189
603191
603199
603200
603203
603209
603212
603213
603214
603217
603218
603219
603222
603223
603228
603229
603230
603232
603233
603235
603236
603239
603255
603258
603260
603270
603275
603279
603280
603288
603289
603290
603301
603308
603309
603311
603315
603317
603330
603333
603335
603339
603345
603358
603359
603363
603367
603377
603387
603388
603392
603396
603398
603399
603429
603444
603458
603466
603486
603489
603500
603507
603516
603517
603518
603520
603527
603529
603530
603533
603538
603565
603566
603567
603577
603583
603588
603589
603595
603598
603603
603605
603606
603609
603611
603613
603628
603633
603636
603650
603655
603658
603659
603660
603665
603666
603676
603678
603681
603686
603688
603690
603693
603698
603701
603707
603708
603711
603712
603713
603719
603733
603755
603776
603777
603787
603799
603806
603810
603819
603823
603825
603843
603855
603858
603859
603860
603866
603867
603869
603876
603877
603879
603881
603882
603883
603885
603893
603895
603897
603899
603901
603906
603908
603909
603912
603915
603916
603936
603938
603939
603950
603955
603956
603959
603960
603966
603968
603970
603977
603978
603982
603983
603987
603990
603995
603998
605006
605009
605050
605060
605077
605080
605081
605089
605111
605116
605117
605123
605136
605138
605158
605166
605168
605183
605208
605222
605259
605266
605286
605296
605300
605305
605337
605338
605339
605358
605366
605369
605376
605399
605507
605566
605577
