000001
000156
000423
000530
000551
000605
000628
000650
000666
000676
000792
000801
000810
000936
001212
001238
001255
001266
001338
001373
001380
002053
002069
002121
002126
002127
002134
002157
002161
002169
002178
002197
002273
002291
002292
002296
002328
002334
002347
002349
002362
002380
002400
002403
002434
002438
002440
002452
002467
002475
002498
002559
002580
002583
002594
002605
002624
002634
002681
002766
002782
002798
002803
002815
002865
002888
002903
002912
002921
002962
002973
003005
003019
003033
600012
600097
600218
600221
600228
600251
600313
600345
600386
600545
600637
600721
600771
600794
600999
601006
601012
601139
601567
601801
601811
601877
601921
601956
603009
603012
603013
603035
603036
603037
603052
603070
603085
603090
603097
603101
603105
603118
603158
603182
603206
603212
603218
603219
603286
603289
603345
603357
603360
603365
603416
603488
603517
603558
603606
603626
603662
603679
603688
603706
603716
603722
603739
603773
603789
603797
603859
603958
603988
605056
605066
605118
