000010
000025
000045
000061
000068
000100
000407
000409
000423
000501
000526
000547
000554
000593
000619
000622
000659
000666
000668
000669
000682
000695
000725
000727
000782
000810
000823
000880
000901
000909
000922
000925
000927
000966
000981
001209
001213
001228
001230
001236
001256
001288
001308
001311
001317
001331
001366
001368
001373
002011
002017
002028
002042
002047
002055
002063
002076
002103
002104
002112
002125
002129
002130
002134
002139
002148
002194
002207
002211
002226
002231
002232
002249
002276
002278
002316
002335
002346
002348
002368
002377
002388
002395
002397
002401
002402
002413
002427
002436
002454
002456
002458
002466
002467
002476
002519
002531
002533
002542
002548
002560
002561
002574
002588
002595
002596
002609
002611
002613
002616
002620
002622
002623
002629
002635
002639
002647
002651
002658
002659
002660
002674
002681
002686
002695
002718
002729
002732
002738
002743
002775
002778
002786
002789
002798
002806
002810
002815
002819
002835
002836
002845
002846
002849
002859
002863
002869
002875
002883
002888
002893
002897
002910
002913
002921
002922
002925
002929
002937
002939
002947
002962
002969
002970
002971
002972
002981
002983
002989
002997
003000
003003
003028
600008
600051
600053
600085
600135
600148
600162
600165
600171
600186
600192
600198
600215
600241
600250
600278
600312
600318
600331
600337
600338
600340
600386
600400
600421
600433
600449
600455
600468
600476
600506
600516
600526
600552
600561
600588
600590
600592
600605
600617
600622
600629
600638
600661
600673
600676
600686
600689
600697
600703
600728
600730
600733
600773
600785
600798
600805
600829
600834
600848
600851
600853
600857
600884
600903
600929
600962
601113
601137
601226
601236
601238
601519
601566
601619
601717
601789
601798
601828
601878
601890
601956
603000
603006
603009
603023
603063
603065
603069
603071
603073
603077
603080
603093
603112
603121
603126
603135
603153
603158
603166
603192
603211
603214
603215
603228
603235
603266
603278
603297
603330
603360
603377
603466
603508
603516
603528
603530
603558
603577
603585
603615
603636
603637
603648
603650
603657
603668
603677
603690
603698
603703
603727
603729
603778
603798
603809
603810
603836
603839
603855
603869
603890
603897
603920
603926
603927
603929
603936
603966
603977
603985
603999
605055
605086
605118
605151
605162
605189
605196
605218
605286
605305
605378
605389
605500
605555
605580
