000001
000004
000028
000034
000035
000039
000063
000068
000070
000151
000153
000158
000166
000333
000338
000404
000411
000423
000507
000513
000518
000521
000530
000532
000551
000564
000566
000570
000586
000590
000622
000623
000628
000633
000651
000652
000659
000661
000665
000666
000676
000679
000681
000685
000708
000710
000719
000727
000739
000756
000757
000761
000785
000789
000793
000803
000813
000818
000820
000823
000836
000856
000861
000868
000869
000899
000915
000919
000920
000921
000931
000936
000963
000967
000977
000988
000989
000996
000998
000999
001206
001208
001209
001212
001219
001225
001226
001227
001230
001238
001255
001266
001269
001282
001289
001301
001324
001336
001339
001360
001373
001380
001696
001872
002001
002019
002022
002026
002031
002038
002050
002065
002069
002073
002089
002099
002100
002104
002116
002126
002134
002138
002139
002144
002148
002152
002157
002161
002164
002168
002169
002172
002173
002174
002175
002178
002184
002192
002196
002197
002198
002204
002205
002209
002213
002217
002228
002229
002230
002233
002236
002238
002241
002243
002251
002252
002256
002261
002273
002275
002281
002287
002289
002294
002296
002298
002300
002303
002305
002308
002313
002315
002317
002320
002322
002328
002329
002334
002337
002346
002347
002349
002362
002363
002365
002369
002375
002376
002380
002382
002385
002391
002393
002396
002400
002401
002403
002406
002410
002412
002413
002415
002416
002424
002432
002434
002435
002439
002440
002441
002444
002448
002452
002459
002463
002467
002472
002474
002475
002476
002488
002491
002511
002513
002514
002517
002526
002527
002528
002550
002551
002552
002555
002558
002559
002576
002577
002581
002583
002586
002589
002600
002602
002603
002614
002615
002624
002626
002634
002641
002642
002643
002654
002671
002672
002678
002681
002685
002688
002689
002691
002692
002696
002700
002706
002724
002728
002730
002737
002739
002743
002746
002747
002755
002757
002758
002765
002772
002774
002785
002788
002793
002796
002801
002802
002803
002807
002817
002821
002823
002828
002830
002839
002845
002848
002851
002855
002857
002861
002865
002873
002877
002879
002880
002884
002885
002888
002892
002895
002896
002902
002906
002912
002920
002925
002927
002929
002930
002932
002936
002941
002953
002955
002958
002962
002965
002979
002983
002990
002995
002997
002998
003001
003004
003005
003007
003008
003010
003011
003019
003020
003021
003025
003028
003033
003036
600000
600015
600016
600017
600018
600026
600037
600039
600055
600056
600060
600062
600071
600080
600085
600089
600097
600106
600114
600129
600150
600191
600196
600201
600215
600216
600217
600218
600228
600229
600233
600243
600251
600252
600256
600257
600261
600266
600269
600271
600276
600299
600302
600303
600305
600315
600320
600329
600345
600355
600359
600366
600373
600377
600380
600382
600386
600390
600406
600420
600436
600438
600479
600480
600481
600487
600498
600499
600519
600521
600528
600540
600543
600545
600550
600557
600560
600582
600584
600592
600600
600603
600615
600637
600645
600648
600660
600682
600689
600704
600710
600712
600713
600717
600720
600721
600739
600741
600751
600755
600756
600760
600763
600780
600789
600794
600801
600805
600812
600835
600839
600846
600851
600861
600864
600867
600873
600883
600887
600901
600919
600928
600977
600983
600996
600998
600999
601009
601012
601018
601019
601038
601059
601077
601086
601098
601100
601138
601139
601156
601166
601169
601177
601187
601208
601211
601228
601229
601288
601311
601319
601326
601328
601369
601390
601398
601456
601528
601555
601567
601595
601607
601616
601628
601658
601665
601766
601801
601811
601816
601818
601825
601827
601838
601858
601860
601872
601901
601916
601919
601921
601928
601939
601956
601963
601975
601988
601992
601997
601998
601999
603000
603006
603009
603011
603012
603015
603016
603019
603026
603030
603036
603042
603052
603055
603070
603076
603083
603085
603090
603095
603096
603097
603100
603110
603118
603122
603123
603127
603129
603156
603159
603161
603162
603165
603167
603178
603181
603182
603185
603189
603201
603206
603215
603219
603220
603221
603223
603229
603230
603259
603275
603277
603286
603289
603301
603305
603309
603320
603321
603322
603323
603327
603335
603336
603337
603345
603351
603353
603365
603383
603387
603416
603421
603439
603444
603456
603477
603488
603489
603496
603501
603507
603516
603517
603520
603529
603538
603551
603556
603578
603583
603606
603609
603616
603617
603618
603626
603628
603630
603637
603660
603662
603666
603667
603676
603679
603687
603688
603699
603700
603701
603703
603706
603707
603716
603719
603721
603722
603755
603758
603766
603768
603773
603789
603803
603808
603811
603858
603859
603860
603861
603879
603882
603888
603895
603901
603915
603939
603950
603956
603958
603959
603960
603970
603985
603987
603991
603997
603998
603999
605008
605009
605090
605155
605167
605178
605186
605199
605228
605277
605286
605288
605289
605296
605298
605333
605339
605377
605398
605500
605507
605577
605589
605599
