000155
000519
000591
000688
000735
000762
001258
001286
001287
001328
001380
002041
002060
002062
002100
002121
002129
002132
002145
002170
002176
002180
002183
002201
002202
002219
002234
002240
002250
002254
002291
002312
002326
002335
002340
002352
002384
002407
002410
002427
002459
002460
002466
002487
002497
002507
002518
002529
002534
002556
002557
002621
002645
002661
002665
002667
002683
002709
002738
002756
002759
002805
002812
002838
002841
002850
002868
002915
002928
002967
003022
003025
600004
600009
600039
600057
600110
600116
600143
600152
600163
600207
600221
600277
600338
600375
600419
600452
600460
600478
600481
600557
600563
600731
600732
600754
600763
600818
600836
600882
600905
600925
600995
601016
601061
601065
601133
601156
601199
601669
601778
601877
601908
603032
603043
603051
603063
603098
603125
603127
603128
603135
603137
603172
603185
603191
603218
603223
603270
603275
603288
603290
603309
603330
603359
603363
603377
603387
603388
603392
603398
603486
603507
603606
603659
603713
603733
603787
603799
603866
603876
603899
603901
603906
603959
605111
605117
605296
605399
