000014
000090
000430
000561
000572
000589
000601
000631
000632
000716
000733
000751
000815
000833
000888
000897
000957
000978
000982
001299
002009
002033
002120
002136
002145
002146
002159
002179
002208
002221
002246
002371
002607
002668
002670
002716
002908
600067
600095
600158
600159
600187
600257
600292
600325
600328
600331
600340
600361
600416
600501
600533
600563
600696
600698
600707
600726
600730
600734
600749
600765
600796
600819
600893
600897
600956
601065
601375
601500
603290
603291
603730
603818
603912
605299
605499
