000001
000004
000006
000007
000011
000012
000014
000028
000029
000031
000032
000034
000035
000036
000039
000042
000061
000063
000065
000066
000068
000069
000070
000078
000090
000151
000153
000156
000158
000166
000333
000338
000401
000402
000404
000410
000411
000423
000429
000488
000503
000513
000514
000517
000518
000521
000523
000526
000528
000530
000532
000544
000551
000555
000563
000564
000566
000570
000573
000586
000590
000597
000605
000608
000617
000623
000625
000628
000633
000650
000651
000652
000659
000661
000665
000666
000676
000679
000681
000685
000686
000695
000701
000708
000710
000718
000719
000720
000725
000728
000735
000739
000750
000752
000756
000757
000759
000761
000776
000777
000779
000783
000785
000788
000789
000792
000793
000802
000803
000810
000811
000813
000815
000820
000828
000836
000838
000856
000861
000862
000863
000868
000869
000877
000882
000885
000886
000887
000897
000898
000899
000900
000903
000913
000915
000917
000919
000920
000921
000922
000928
000931
000936
000948
000950
000958
000963
000976
000977
000987
000988
000989
000996
000997
000998
000999
001206
001208
001209
001212
001219
001225
001226
001227
001230
001231
001234
001238
001255
001266
001267
001269
001282
001289
001296
001301
001308
001314
001319
001322
001324
001328
001331
001332
001336
001338
001339
001360
001366
001367
001368
001373
001380
001696
001872
002001
002007
002008
002009
002012
002017
002019
002021
002022
002024
002026
002027
002029
002031
002032
002038
002045
002049
002050
002051
002053
002055
002061
002062
002063
002065
002069
002073
002080
002085
002089
002090
002093
002095
002097
002099
002100
002103
002104
002112
002116
002117
002121
002122
002126
002127
002131
002133
002134
002139
002144
002146
002148
002152
002153
002156
002157
002161
002163
002164
002168
002169
002172
002173
002174
002175
002177
002178
002180
002183
002184
002190
002192
002196
002197
002198
002201
002202
002204
002205
002209
002213
002216
002217
002227
002228
002229
002230
002231
002232
002233
002234
002236
002238
002239
002241
002243
002248
002251
002252
002253
002256
002267
002268
002270
002271
002273
002275
002277
002279
002281
002282
002287
002291
002292
002294
002296
002298
002300
002305
002306
002307
002308
002313
002314
002315
002316
002317
002320
002322
002325
002327
002328
002329
002331
002332
002334
002337
002339
002343
002344
002346
002347
002348
002349
002350
002354
002358
002362
002363
002364
002365
002367
002368
002369
002372
002373
002375
002376
002377
002380
002382
002384
002385
002390
002391
002393
002396
002400
002401
002403
002405
002406
002409
002410
002412
002413
002415
002416
002421
002422
002423
002424
002425
002431
002432
002434
002435
002438
002439
002440
002441
002444
002448
002451
002452
002454
002457
002458
002459
002462
002463
002467
002470
002474
002475
002478
002480
002481
002487
002488
002489
002491
002498
002500
002507
002511
002513
002514
002517
002518
002520
002523
002526
002527
002528
002529
002530
002534
002535
002536
002537
002550
002551
002552
002555
002558
002559
002573
002576
002577
002581
002583
002586
002589
002599
002600
002602
002603
002605
002609
002610
002611
002614
002615
002621
002622
002624
002628
002633
002634
002638
002639
002640
002641
002642
002643
002649
002651
002653
002654
002655
002657
002660
002661
002664
002670
002671
002672
002673
002675
002678
002681
002685
002688
002689
002690
002691
002692
002694
002696
002697
002698
002700
002706
002709
002712
002718
002722
002724
002727
002728
002730
002732
002733
002736
002737
002739
002742
002743
002746
002747
002755
002757
002758
002765
002771
002772
002774
002778
002779
002785
002788
002789
002791
002796
002797
002798
002801
002802
002803
002807
002811
002812
002817
002819
002821
002823
002824
002825
002828
002830
002833
002835
002837
002839
002840
002841
002846
002848
002849
002850
002851
002855
002857
002858
002859
002860
002861
002865
002868
002869
002871
002873
002877
002879
002880
002882
002884
002885
002887
002888
002890
002892
002895
002896
002902
002903
002906
002912
002916
002918
002919
002920
002925
002926
002927
002929
002930
002932
002936
002937
002938
002939
002941
002942
002943
002945
002949
002950
002953
002955
002958
002960
002962
002965
002970
002973
002979
002980
002983
002984
002987
002990
002991
002995
002998
003001
003004
003005
003007
003008
003009
003010
003011
003013
003015
003019
003020
003021
003022
003025
003027
003028
003029
003032
003033
003036
003037
003042
600000
600008
600009
600012
600015
600016
600017
600018
600026
600028
600030
600035
600037
600039
600053
600056
600057
600060
600061
600062
600071
600072
600076
600080
600085
600089
600094
600095
600097
600105
600106
600109
600114
600127
600129
600133
600143
600150
600155
600159
600161
600162
600165
600169
600172
600173
600185
600191
600196
600201
600213
600215
600216
600217
600218
600221
600222
600223
600228
600229
600233
600237
600239
600241
600243
600251
600252
600255
600256
600257
600261
600265
600266
600269
600271
600272
600283
600292
600302
600303
600305
600313
600315
600318
600320
600322
600323
600325
600329
600330
600332
600335
600337
600340
600345
600351
600355
600359
600365
600366
600373
600377
600380
600382
600386
600388
600389
600390
600406
600410
600419
600420
600422
600425
600428
600429
600435
600436
600438
600446
600449
600452
600455
600463
600467
600468
600476
600479
600480
600481
600482
600487
600488
600491
600498
600499
600503
600512
600515
600518
600519
600521
600522
600525
600526
600528
600529
600533
600535
600536
600540
600545
600550
600551
600556
600557
600560
600565
600566
600570
600571
600572
600580
600582
600584
600592
600598
600600
600601
600602
600603
600606
600615
600621
600622
600624
600630
600636
600637
600638
600640
600643
600645
600647
600648
600653
600658
600660
600663
600671
600682
600683
600684
600689
600692
600693
600697
600704
600705
600708
600710
600712
600713
600715
600716
600717
600720
600721
600724
600731
600732
600739
600741
600743
600748
600751
600755
600756
600757
600760
600761
600763
600769
600774
600775
600778
600780
600783
600787
600789
600791
600794
600796
600797
600801
600805
600807
600812
600817
600820
600825
600826
600827
600828
600831
600833
600834
600835
600836
600843
600845
600846
600848
600851
600857
600861
600864
600867
600873
600880
600881
600887
600892
600894
600905
600906
600909
600918
600919
600927
600928
600929
600936
600939
600958
600959
600960
600965
600970
600976
600977
600983
600986
600992
600993
600996
600998
600999
601000
601002
601009
601012
601018
601019
601022
601038
601059
601061
601065
601066
601077
601086
601089
601098
601099
601100
601108
601117
601126
601127
601136
601138
601139
601156
601162
601166
601169
601177
601179
601186
601187
601198
601199
601208
601211
601218
601229
601236
601288
601311
601319
601326
601328
601336
601360
601366
601368
601369
601375
601377
601390
601398
601456
601519
601528
601555
601567
601577
601588
601595
601599
601607
601608
601615
601616
601618
601628
601658
601665
601669
601688
601689
601700
601766
601778
601788
601789
601800
601801
601811
601816
601818
601825
601827
601828
601838
601858
601860
601868
601872
601877
601878
601881
601882
601888
601900
601901
601916
601919
601921
601928
601929
601939
601949
601956
601963
601968
601975
601988
601989
601990
601992
601995
601997
601998
601999
603000
603003
603006
603007
603009
603011
603012
603015
603016
603017
603018
603019
603022
603026
603029
603030
603032
603035
603036
603037
603039
603042
603043
603052
603055
603063
603066
603070
603076
603081
603083
603085
603087
603088
603090
603095
603096
603097
603098
603100
603101
603103
603105
603106
603110
603116
603118
603119
603121
603122
603123
603127
603128
603129
603135
603137
603138
603153
603156
603158
603161
603162
603165
603166
603167
603168
603171
603178
603180
603181
603182
603183
603185
603189
603191
603192
603195
603196
603197
603201
603206
603212
603215
603218
603219
603220
603221
603222
603223
603226
603228
603229
603230
603235
603258
603259
603266
603270
603275
603277
603278
603279
603280
603282
603283
603286
603288
603289
603296
603298
603299
603301
603305
603308
603309
603311
603317
603320
603321
603322
603323
603327
603333
603335
603336
603337
603338
603339
603345
603351
603353
603357
603358
603359
603363
603367
603368
603377
603383
603387
603390
603392
603396
603416
603439
603444
603456
603458
603466
603477
603486
603488
603489
603496
603500
603501
603507
603516
603517
603520
603528
603529
603533
603538
603551
603555
603556
603567
603568
603569
603578
603583
603588
603598
603605
603606
603608
603609
603611
603613
603616
603618
603626
603628
603630
603636
603637
603638
603656
603659
603660
603662
603665
603666
603667
603676
603679
603682
603687
603688
603698
603699
603700
603701
603703
603706
603707
603711
603713
603716
603717
603719
603721
603722
603726
603728
603729
603730
603758
603766
603768
603773
603778
603779
603786
603787
603789
603790
603797
603799
603803
603806
603808
603811
603819
603825
603828
603829
603858
603859
603860
603861
603863
603867
603868
603869
603871
603876
603877
603879
603881
603882
603885
603887
603888
603889
603893
603895
603901
603906
603915
603916
603918
603920
603927
603939
603950
603956
603958
603959
603960
603963
603966
603970
603985
603987
603988
603990
603991
603997
603998
603999
605001
605008
605009
605056
605060
605066
605081
605090
605100
605108
605116
605117
605118
605136
605151
605155
605158
605167
605168
605178
605183
605186
605188
605196
605199
605222
605228
605266
605268
605277
605286
605288
605289
605296
605298
605300
605305
605333
605339
605377
605389
605398
605507
605555
605577
605589
605598
605599
