000010
000017
000023
000030
000039
000151
000159
000166
000401
000411
000419
000488
000498
000505
000518
000523
000530
000538
000563
000565
000572
000622
000623
000630
000638
000652
000661
000663
000665
000666
000668
000677
000679
000685
000692
000705
000709
000717
000723
000759
000761
000782
000785
000816
000828
000869
000881
000898
000900
000908
000909
000917
000927
000929
000931
000932
000959
000976
000985
000996
000998
001206
001213
001222
001225
001259
001278
001331
001333
001696
002002
002021
002041
002052
002067
002078
002081
002083
002084
002085
002087
002089
002094
002098
002105
002110
002114
002127
002154
002160
002172
002184
002187
002211
002243
002269
002277
002278
002280
002284
002302
002320
002349
002370
002394
002444
002445
002454
002461
002482
002486
002489
002490
002494
002511
002522
002561
002563
002575
002576
002582
002592
002603
002614
002615
002631
002658
002663
002687
002688
002700
002707
002719
002722
002731
002739
002746
002763
002772
002807
002808
002820
002821
002839
002847
002852
002860
002872
002890
002892
002893
002958
002961
002969
002976
002992
002997
003028
600007
600010
600015
600039
600051
600052
600076
600083
600084
600101
600107
600120
600126
600133
600137
600148
600150
600156
600167
600170
600180
600193
600220
600221
600227
600231
600232
600235
600249
600250
600261
600262
600278
600282
600289
600300
600305
600307
600315
600356
600363
600371
600373
600381
600387
600389
600390
600396
600400
600421
600439
600448
600480
600502
600503
600535
600540
600543
600556
600561
600569
600576
600577
600581
600595
600626
600629
600630
600636
600653
600658
600661
600689
600693
600697
600712
600717
600730
600738
600739
600751
600778
600782
600783
600804
600808
600811
600820
600822
600824
600827
600828
600829
600830
600836
600838
600847
600857
600858
600859
600865
600874
600881
600928
600939
600966
600973
600981
600992
600996
601005
601010
601098
601100
601107
601111
601121
601128
601133
601187
601288
601319
601326
601330
601333
601339
601366
601368
601388
601528
601686
601777
601816
601872
601888
601890
601916
601933
601956
601988
601992
601996
601997
603001
603007
603009
603012
603018
603035
603037
603038
603040
603048
603058
603059
603066
603080
603085
603109
603116
603121
603130
603156
603158
603159
603161
603162
603166
603178
603183
603187
603192
603201
603214
603219
603223
603279
603283
603286
603323
603332
603336
603351
603359
603365
603456
603486
603511
603569
603611
603628
603630
603657
603666
603706
603719
603739
603766
603768
603788
603797
603798
603808
603809
603811
603839
603843
603856
603900
603903
603928
603939
603959
603970
603980
603997
605001
605088
605089
605138
605151
605158
605178
605189
605599
