000004
000005
000029
000031
000036
000039
000049
000063
000066
000069
000070
000099
000158
000333
000400
000402
000505
000534
000558
000564
000586
000605
000617
000619
000627
000636
000652
000661
000666
000669
000672
000681
000728
000735
000750
000783
000789
000809
000818
000823
000838
000877
000886
000887
000889
000917
000921
000925
000967
000971
000977
000987
001208
001213
001225
001227
001234
001236
001282
001332
001339
001696
002003
002047
002061
002085
002108
002116
002139
002142
002144
002150
002163
002185
002188
002190
002204
002205
002217
002218
002227
002228
002230
002233
002252
002261
002264
002282
002298
002300
002302
002305
002308
002309
002315
002322
002323
002330
002333
002350
002369
002379
002392
002405
002425
002427
002439
002441
002444
002451
002459
002463
002466
002480
002481
002494
002497
002514
002518
002523
002534
002537
002539
002543
002546
002552
002555
002586
002614
002615
002643
002655
002671
002673
002687
002690
002691
002692
002694
002695
002698
002705
002712
002724
002736
002756
002765
002772
002779
002797
002801
002805
002811
002841
002848
002850
002857
002858
002871
002890
002896
002913
002920
002925
002930
002936
002938
002941
002952
002953
002961
002967
002969
002972
003010
003025
600008
600016
600019
600022
600026
600036
600037
600038
600053
600057
600064
600071
600072
600105
600107
600108
600111
600112
600149
600156
600217
600229
600233
600243
600305
600313
600323
600330
600340
600353
600356
600369
600405
600428
600429
600436
600462
600491
600493
600495
600498
600510
600512
600523
600556
600560
600570
600585
600606
600629
600636
600643
600648
600663
600671
600678
600689
600705
600715
600724
600751
600755
600757
600763
600775
600780
600817
600822
600837
600846
600847
600864
600868
600901
600909
600927
600958
600965
600976
600977
601009
601019
601022
601038
601108
601117
601138
601163
601177
601198
601369
601375
601377
601456
601555
601599
601615
601616
601628
601668
601766
601800
601838
601860
601881
601901
601928
601966
601975
601990
603011
603019
603039
603083
603089
603093
603100
603122
603128
603165
603173
603187
603196
603201
603214
603228
603230
603256
603277
603279
603323
603383
603390
603489
603496
603500
603507
603508
603577
603583
603608
603610
603616
603618
603637
603680
603696
603711
603755
603758
603776
603799
603803
603829
603876
603885
603893
603895
603901
603936
603960
603977
603990
603997
605099
605100
605162
605178
605222
605277
605289
605296
605377
605398
605500
605589
