000001
000004
000028
000034
000035
000039
000061
000063
000070
000151
000166
000338
000423
000429
000513
000526
000530
000551
000555
000564
000566
000570
000586
000623
000625
000628
000633
000650
000651
000661
000666
000676
000679
000681
000719
000720
000739
000756
000757
000779
000785
000789
000802
000803
000813
000836
000856
000861
000899
000915
000920
000921
000931
000936
000950
000963
000977
000988
000989
000997
000998
000999
001208
001209
001219
001225
001226
001227
001238
001266
001269
001282
001289
001296
001301
001324
001336
001339
001380
002001
002007
002008
002019
002022
002026
002031
002038
002050
002065
002069
002073
002090
002093
002095
002099
002104
002116
002122
002126
002152
002161
002164
002168
002174
002175
002178
002180
002184
002197
002198
002205
002209
002213
002217
002229
002230
002233
002236
002238
002248
002251
002252
002253
002270
002273
002275
002277
002279
002281
002287
002291
002292
002294
002298
002300
002306
002308
002313
002315
002317
002322
002327
002328
002331
002332
002334
002337
002343
002346
002347
002349
002354
002358
002362
002363
002365
002367
002369
002373
002376
002380
002385
002391
002393
002396
002400
002401
002403
002406
002409
002410
002412
002415
002416
002422
002424
002425
002432
002435
002438
002439
002441
002444
002448
002451
002452
002454
002457
002459
002462
002463
002467
002474
002475
002488
002491
002511
002513
002514
002517
002520
002523
002526
002527
002528
002537
002550
002551
002552
002555
002558
002559
002576
002581
002586
002589
002602
002603
002605
002609
002615
002624
002633
002634
002643
002649
002651
002653
002657
002671
002672
002675
002685
002688
002689
002691
002692
002706
002712
002718
002722
002724
002728
002730
002736
002737
002739
002747
002757
002758
002765
002772
002774
002785
002788
002801
002802
002803
002807
002817
002819
002821
002828
002830
002833
002835
002837
002839
002841
002849
002851
002855
002857
002858
002865
002873
002877
002879
002880
002884
002885
002888
002890
002892
002895
002896
002903
002906
002912
002918
002920
002925
002927
002929
002930
002932
002936
002941
002942
002943
002949
002953
002955
002958
002960
002962
002965
002979
002983
002987
002990
002995
003004
003005
003007
003008
003010
003019
003020
003021
003025
003029
003032
003033
003036
600000
600012
600015
600016
600017
600026
600037
600039
600056
600060
600062
600072
600076
600080
600085
600089
600097
600106
600129
600133
600150
600161
600185
600196
600213
600215
600216
600217
600218
600222
600223
600228
600229
600243
600251
600252
600257
600261
600269
600271
600302
600315
600320
600329
600345
600351
600355
600359
600373
600377
600380
600382
600406
600420
600422
600436
600438
600446
600449
600455
600479
600480
600481
600487
600498
600499
600519
600521
600522
600529
600535
600540
600545
600551
600556
600557
600560
600566
600570
600572
600584
600600
600602
600603
600636
600637
600640
600645
600648
600689
600697
600704
600712
600713
600720
600721
600732
600739
600741
600751
600755
600756
600757
600763
600780
600801
600805
600812
600825
600828
600835
600843
600845
600846
600861
600864
600867
600880
600887
600892
600894
600919
600928
600936
600959
600965
600970
600976
600977
600983
600986
600996
600998
600999
601009
601012
601019
601038
601059
601077
601086
601089
601098
601099
601100
601126
601138
601166
601169
601177
601187
601208
601229
601288
601311
601319
601328
601360
601369
601377
601398
601456
601528
601555
601567
601577
601595
601607
601615
601628
601665
601689
601700
601811
601816
601818
601825
601827
601858
601860
601872
601882
601900
601901
601916
601919
601921
601928
601939
601949
601956
601975
601988
601992
601997
601998
601999
603000
603003
603009
603011
603012
603015
603016
603019
603026
603030
603036
603037
603042
603055
603070
603076
603083
603085
603087
603088
603090
603095
603096
603097
603098
603100
603101
603110
603118
603123
603127
603129
603156
603158
603165
603171
603181
603185
603189
603195
603197
603201
603206
603215
603218
603219
603220
603221
603229
603230
603259
603266
603275
603277
603286
603289
603298
603301
603305
603309
603320
603321
603322
603323
603335
603337
603338
603345
603351
603353
603357
603367
603368
603383
603387
603390
603416
603439
603444
603456
603466
603477
603488
603489
603496
603507
603516
603517
603520
603528
603529
603533
603538
603551
603555
603556
603578
603598
603605
603606
603609
603613
603616
603618
603626
603630
603638
603656
603660
603662
603665
603666
603667
603676
603687
603688
603699
603700
603701
603703
603706
603707
603721
603722
603726
603728
603729
603758
603773
603789
603790
603803
603808
603811
603829
603858
603859
603860
603861
603868
603876
603881
603882
603888
603889
603895
603901
603915
603918
603927
603939
603950
603956
603958
603959
603960
603966
603985
603987
603988
603990
603991
603997
603998
603999
605008
605056
605060
605066
605090
605100
605108
605117
605118
605136
605151
605167
605168
605178
605186
605188
605199
605222
605228
605266
605277
605286
605288
605289
605296
605298
605305
605333
605377
605507
605555
605577
605589
605599
