000005
000010
000035
000096
000413
000622
000700
000727
000766
000895
000923
000933
000975
001202
001296
001324
001965
002078
002089
002138
002154
002207
002221
002270
002278
002295
002353
002370
002433
002485
002521
002569
002601
002652
002654
002750
002752
002790
002802
002816
002828
002988
002997
600114
600117
600155
600186
600188
600189
600226
600269
600272
600306
600351
600365
600377
600398
600461
600540
600546
600548
600561
600589
600630
600671
600742
600751
600792
600801
600862
600900
600901
600938
600997
601001
601015
601058
601077
601088
601128
601136
601168
601188
601225
601288
601567
601702
601799
601808
601825
601918
601985
603030
603080
603087
603089
603139
603160
603161
603168
603220
603221
603259
603277
603505
603569
603579
603607
603616
603667
603725
603767
603903
603949
603979
603985
605068
605088
605177
605318
