000010
000030
000035
000046
000058
000068
000096
000157
000158
000338
000413
000426
000429
000526
000536
000541
000552
000554
000593
000599
000623
000625
000628
000669
000677
000679
000700
000705
000712
000727
000752
000757
000766
000800
000801
000813
000895
000919
000923
000933
000937
000962
000969
001226
001227
001268
001298
001309
001319
002014
002021
002038
002073
002078
002089
002098
002106
002115
002126
002128
002138
002154
002161
002172
002194
002207
002235
002270
002278
002295
002300
002316
002318
002328
002353
002369
002375
002383
002387
002406
002412
002413
002426
002442
002443
002456
002465
002471
002483
002488
002494
002510
002512
002513
002521
002535
002540
002547
002566
002569
002583
002590
002592
002593
002601
002629
002631
002642
002648
002652
002654
002662
002664
002671
002676
002682
002685
002687
002691
002693
002708
002715
002718
002752
002771
002785
002786
002788
002792
002796
002802
002826
002827
002828
002830
002843
002845
002848
002855
002861
002867
002884
002889
002898
002931
002948
002977
002983
002988
002992
002993
002997
002998
003001
003015
003018
003036
003041
600015
600025
600033
600104
600106
600114
600117
600130
600155
600177
600178
600186
600189
600203
600210
600236
600243
600265
600269
600282
600285
600293
600306
600333
600350
600351
600355
600365
600368
600377
600396
600398
600418
600439
600444
600449
600461
600480
600493
600508
600520
600529
600540
600543
600546
600548
600561
600568
600575
600589
600605
600615
600619
600630
600671
600721
600742
600751
600792
600838
600839
600843
600873
600895
600900
600901
600919
600933
600938
600941
600971
600983
600985
600989
600997
601000
601015
601038
601058
601077
601088
601127
601158
601166
601168
601169
601188
601229
601279
601288
601328
601398
601518
601567
601601
601633
601665
601699
601702
601799
601808
601818
601825
601857
601898
601901
601918
601919
601939
601963
601985
601988
601996
603009
603022
603023
603028
603030
603037
603048
603053
603079
603080
603087
603089
603099
603101
603112
603123
603131
603139
603150
603158
603159
603160
603161
603168
603178
603186
603197
603201
603206
603220
603221
603256
603259
603266
603269
603277
603280
603300
603320
603327
603332
603337
603353
603386
603393
603416
603421
603488
603496
603505
603515
603558
603569
603579
603602
603616
603619
603629
603667
603687
603703
603706
603709
603725
603726
603727
603766
603773
603788
603813
603863
603903
603919
603926
603928
603929
603937
603949
603958
603967
603969
603985
605003
605005
605016
605018
605055
605068
605088
605090
605128
605151
605155
605169
605177
605180
605228
605255
605258
605318
605319
605368
605377
605398
605500
605555
605588
605599
