000004
000005
000010
000030
000035
000045
000046
000049
000050
000058
000066
000068
000070
000096
000100
000153
000157
000158
000159
000338
000403
000410
000413
000426
000429
000509
000513
000516
000518
000526
000532
000533
000534
000536
000541
000546
000552
000554
000555
000559
000566
000586
000590
000593
000597
000599
000612
000622
000623
000625
000628
000631
000633
000636
000637
000655
000661
000669
000670
000676
000677
000679
000680
000700
000705
000708
000712
000727
000739
000752
000753
000756
000757
000761
000766
000778
000782
000788
000790
000800
000801
000813
000818
000823
000829
000830
000836
000851
000859
000868
000880
000887
000895
000899
000908
000919
000921
000923
000925
000933
000937
000952
000953
000962
000963
000968
000969
000976
000981
000983
000989
000996
000998
001207
001226
001227
001260
001266
001268
001278
001282
001289
001298
001309
001313
001319
001380
002005
002007
002014
002019
002020
002021
002022
002023
002026
002030
002036
002038
002042
002045
002055
002058
002073
002077
002078
002082
002089
002093
002097
002098
002099
002106
002107
002109
002115
002119
002122
002126
002128
002130
002134
002137
002138
002148
002152
002154
002155
002161
002166
002168
002172
002173
002175
002176
002178
002184
002185
002189
002192
002194
002196
002197
002199
002205
002207
002209
002215
002217
002223
002227
002231
002232
002235
002236
002237
002239
002241
002248
002251
002253
002261
002270
002273
002275
002276
002278
002281
002284
002287
002288
002289
002293
002294
002295
002298
002300
002308
002313
002316
002317
002318
002322
002324
002328
002331
002337
002338
002339
002341
002342
002347
002353
002362
002363
002364
002365
002369
002370
002375
002376
002380
002382
002383
002385
002387
002388
002390
002395
002397
002399
002406
002412
002413
002415
002416
002420
002422
002424
002426
002429
002430
002432
002433
002435
002436
002437
002442
002443
002446
002448
002449
002452
002454
002456
002457
002462
002463
002465
002467
002471
002475
002483
002487
002488
002490
002491
002494
002510
002511
002512
002513
002514
002516
002520
002521
002524
002528
002530
002533
002535
002536
002537
002540
002541
002543
002544
002547
002549
002550
002551
002559
002566
002569
002575
002576
002577
002579
002583
002586
002587
002589
002590
002592
002593
002595
002599
002601
002603
002609
002615
002622
002623
002626
002629
002631
002632
002635
002636
002640
002642
002648
002652
002653
002654
002655
002657
002660
002662
002664
002671
002675
002676
002681
002682
002685
002687
002688
002691
002693
002700
002708
002715
002718
002722
002723
002724
002725
002728
002729
002730
002737
002742
002745
002750
002752
002755
002756
002757
002765
002766
002769
002771
002773
002782
002783
002785
002786
002788
002792
002793
002795
002796
002802
002803
002805
002806
002813
002817
002821
002823
002826
002827
002828
002830
002831
002840
002843
002845
002848
002849
002855
002859
002860
002861
002863
002864
002867
002869
002870
002873
002876
002879
002880
002882
002884
002885
002886
002888
002889
002892
002895
002896
002897
002898
002900
002901
002902
002903
002906
002907
002921
002922
002923
002925
002927
002929
002931
002932
002940
002941
002947
002948
002951
002953
002955
002957
002962
002965
002969
002970
002977
002978
002981
002983
002988
002992
002993
002997
002998
003001
003004
003006
003010
003015
003018
003019
003020
003021
003026
003028
003032
003033
003036
003040
003041
003043
600006
600015
600025
600026
600033
600036
600060
600062
600066
600071
600080
600081
600100
600104
600106
600114
600117
600123
600125
600130
600133
600137
600148
600155
600161
600177
600178
600183
600185
600186
600188
600189
600190
600192
600196
600198
600200
600203
600210
600213
600216
600222
600226
600236
600243
600252
600256
600265
600267
600269
600276
600282
600285
600293
600295
600298
600299
600306
600312
600326
600327
600331
600333
600345
600348
600350
600351
600353
600355
600365
600368
600373
600377
600380
600387
600396
600398
600405
600410
600418
600420
600422
600433
600439
600444
600449
600461
600476
600479
600480
600481
600483
600486
600488
600493
600498
600499
600503
600508
600513
600516
600520
600522
600525
600529
600530
600535
600538
600540
600543
600545
600546
600548
600552
600557
600560
600561
600566
600568
600572
600575
600583
600589
600590
600594
600595
600599
600603
600605
600613
600615
600619
600630
600645
600653
600654
600664
600666
600671
600686
600699
600721
600725
600728
600733
600735
600740
600742
600745
600746
600750
600751
600769
600776
600777
600780
600789
600792
600795
600798
600801
600810
600812
600838
600839
600841
600843
600844
600853
600863
600867
600873
600877
600884
600887
600895
600898
600900
600901
600919
600933
600938
600941
600960
600966
600968
600971
600973
600975
600980
600983
600985
600987
600989
600996
600997
600998
601000
601001
601011
601015
601028
601038
601058
601077
601088
601089
601098
601101
601126
601127
601128
601137
601158
601166
601168
601169
601188
601218
601225
601229
601279
601288
601311
601328
601339
601398
601456
601518
601567
601601
601609
601633
601658
601665
601666
601669
601698
601699
601702
601717
601799
601808
601818
601825
601857
601869
601872
601898
601901
601918
601919
601928
601939
601963
601985
601988
601996
601998
603001
603003
603005
603006
603009
603010
603011
603013
603022
603023
603026
603028
603030
603033
603035
603036
603037
603042
603048
603050
603052
603053
603055
603059
603068
603079
603080
603085
603087
603089
603095
603099
603101
603108
603110
603112
603118
603121
603123
603127
603131
603132
603139
603150
603158
603159
603160
603161
603166
603167
603168
603170
603178
603181
603186
603189
603197
603201
603206
603211
603219
603220
603221
603222
603229
603239
603256
603259
603266
603269
603277
603280
603283
603286
603298
603300
603303
603306
603309
603319
603320
603322
603327
603328
603329
603330
603332
603333
603335
603337
603348
603353
603358
603367
603380
603386
603390
603393
603399
603416
603421
603439
603456
603477
603488
603496
603501
603505
603515
603516
603520
603528
603529
603535
603538
603555
603558
603559
603567
603569
603577
603579
603583
603585
603586
603590
603595
603602
603606
603612
603613
603615
603616
603618
603619
603626
603629
603633
603650
603656
603660
603661
603666
603667
603668
603669
603676
603677
603679
603680
603687
603688
603700
603703
603706
603707
603709
603718
603722
603725
603726
603727
603728
603738
603758
603766
603768
603773
603788
603790
603803
603809
603813
603826
603836
603861
603863
603878
603880
603887
603890
603895
603903
603919
603920
603922
603926
603928
603929
603931
603933
603937
603949
603950
603956
603958
603967
603969
603976
603982
603985
603986
603987
603988
603991
603997
603998
605003
605005
605007
605016
605018
605055
605058
605068
605088
605090
605111
605116
605118
605128
605151
605155
605169
605177
605180
605186
605198
605199
605218
605222
605228
605255
605258
605277
605288
605289
605298
605305
605318
605319
605333
605366
605368
605369
605377
605378
605398
605500
605507
605555
605577
605588
605589
605599
