000023
000028
000058
000060
000301
000411
000416
000419
000503
000505
000509
000532
000567
000586
000666
000711
000721
000790
000795
000823
000893
000895
000905
000908
000928
000932
000968
001229
001308
002001
002019
002020
002022
002026
002027
002030
002036
002051
002055
002078
002106
002123
002142
002185
002206
002214
002238
002250
002258
002269
002276
002299
002307
002318
002340
002399
002401
002405
002413
002425
002426
002435
002438
002485
002505
002506
002549
002576
002597
002605
002634
002635
002653
002705
002737
002745
002769
002800
002824
002826
002833
002903
002913
002915
002918
002919
002932
002978
003021
600016
600018
600056
600058
600062
600063
600075
600079
600083
600096
600111
600114
600143
600150
600227
600257
600269
600272
600328
600332
600359
600382
600387
600436
600486
600521
600572
600598
600623
600718
600739
600764
600766
600776
600792
600810
600814
600825
600836
600845
600872
600894
600976
600985
601233
601718
601858
603005
603025
603052
603165
603228
603229
603267
603306
603329
603337
603360
603380
603392
603439
603456
603517
603656
603678
603685
603699
603707
603716
603759
603806
603882
603917
603919
603987
603998
605058
605108
605168
605318
605365
605368
605378
